VPSSDK Version : 0.9.0

Enter Tracking thread

deviceName : OBS Virtual Camera, deviceModel : 

Enter Tracking thread

VPSFusionLogic::_initialize

Find Image

0.046405196,-0.9443356,0.32569453,0,0.036658958,0.32743603,0.94416195,0,-0.9982498,-0.03187443,0.04981307,0,-0.3234804,24.675102,-28.047388,1

Find Image

0.005849593,-0.9360865,0.35172135,0,0.02397156,0.35175753,0.93578416,0,-0.99969554,0.0029573222,0.02449707,0,1.2010065,24.042665,-28.839748,1

Enter Tracking thread

VPSFusionLogic::_initialize

Find Image

0.034182794,-0.9402449,0.33877885,0,0.044941977,0.34008017,0.939322,0,-0.9984046,-0.016883291,0.05388133,0,-0.1094425,24.167122,-28.247091,1

Find Image

0.042118203,-0.9406101,0.33686623,0,0.035275444,0.33835512,0.94035715,0,-0.9984898,-0.027723115,0.047431298,0,-0.13682312,24.226562,-28.331224,1

Find Image

0.002687074,-0.9439195,0.33016485,0,-0.0007176006,0.33016407,0.9439233,0,-0.9999962,-0.002773353,0.0002097936,0,1.9081714,24.556593,-28.226545,1

Find Image

0.038232174,-0.97717375,0.20897338,0,0.09865113,0.21179557,0.97232234,0,-0.99438745,-0.016558599,0.10449665,0,-1.4065168,27.80787,-26.052635,1

Enter Tracking thread

VPSFusionLogic::_initialize

Find Image

0.05316005,-0.9446354,0.32378715,0,0.045809865,0.32621115,0.94418633,0,-0.99753475,-0.035360403,0.06061498,0,-0.7609733,24.718525,-27.997356,1

Find Image

0.055311695,-0.978767,0.19737245,0,0.09514241,0.20194213,0.97476524,0,-0.9939258,-0.035137437,0.104292,0,-1.8924494,28.108507,-25.684053,1

Enter Tracking thread

VPSFusionLogic::_initialize

Find Image

0.05477946,-0.9391698,0.33905643,0,0.051448695,0.34177008,0.9383743,0,-0.9971721,-0.03395963,0.06704104,0,-0.96676964,24.122066,-28.301872,1

Find Image

0.045470722,-0.97978467,0.19481929,0,0.09274264,0.19831908,0.97573996,0,-0.9946514,-0.026299587,0.099885486,0,-1.4828739,28.216816,-25.563982,1

Find Image

0.015528048,-0.99309754,-0.116259776,0,0.07007824,-0.11490701,0.9909014,0,-0.9974207,-0.023534121,0.067810155,0,-0.26109412,35.093433,-16.900421,1

Find Image

0.014594539,-0.94814956,-0.31748924,0,0.051772334,-0.3163806,0.94721854,0,-0.99855226,-0.0302614,0.044470455,0,0.16835539,37.007374,-16.956184,1

Find Image

-0.0030305083,-0.9704082,-0.24145152,0,0.09568377,-0.24062622,0.96589017,0,-0.9954072,-0.0201759,0.09358146,0,-0.8803324,35.130825,-22.841543,1

Find Image

0.026162872,-0.99809045,0.055955533,0,0.07486767,0.057773817,0.9955185,0,-0.99685025,-0.021856386,0.07623622,0,-1.2303747,25.76884,-33.86116,1

Find Image

0.0434283,-0.9273773,0.37159827,0,0.066610344,0.37380934,0.9251106,0,-0.9968335,-0.015423678,0.07800684,0,-1.4932792,12.056424,-42.119064,1

Find Image

0.047814164,-0.85469204,0.5169288,0,0.06885344,0.51910996,0.8519296,0,-0.99648035,-0.005141993,0.08366928,0,-1.7256838,4.628309,-44.43179,1

Find Image

0.045212585,-0.8369322,0.545436,0,0.022403568,0.5467065,0.83702457,0,-0.9987262,-0.025624378,0.043468256,0,0.0110426005,2.4134724,-46.716007,1

Find Image

-0.021655113,-0.82623774,0.5629052,0,0.0009164903,0.5630206,0.82644236,0,-0.9997651,0.018412594,-0.011435038,0,2.5223746,0.5783961,-50.023197,1

Find Image

0.04361375,-0.8275702,0.5596656,0,0.057125516,0.5613478,0.82560605,0,-0.997414,-0.0040366673,0.071757816,0,-1.8650738,0.5516557,-50.966408,1

Find Image

0.026852101,-0.7847205,0.619268,0,0.07588047,0.61930406,0.78147596,0,-0.99675536,0.026006032,0.07617455,0,-2.291923,-3.7936826,-52.840816,1

Find Image

0.081999406,-0.7394733,0.66817325,0,0.028813122,0.6719097,0.7400725,0,-0.9962159,-0.0414334,0.0764027,0,-2.0228288,-7.9099708,-54.821907,1

Find Image

0.0031800745,-0.7036618,0.71052796,0,0.022696877,0.7103993,0.7034328,0,-0.9997374,0.013889782,0.018230041,0,0.7051328,-11.175725,-56.628548,1

Find Image

0.0010551793,-0.77646077,0.6301648,0,0.030193016,0.62990254,0.7760871,0,-0.99954355,0.018207634,0.024108337,0,0.26770255,-5.3366427,-60.283314,1

Find Image

0.011828127,-0.8395986,0.54307866,0,0.033529524,0.54314417,0.8389697,0,-0.9993678,0.008285683,0.034575693,0,-0.3912163,2.3302243,-64.60384,1

Find Image

0.02498218,-0.7947289,0.6064503,0,0.063897304,0.6066686,0.7923828,0,-0.9976438,0.018955035,0.06593691,0,-2.6585643,-2.370452,-66.687996,1

Find Image

0.004734362,-0.797959,0.60269314,0,0.049094036,0.60215855,0.79686564,0,-0.998783,0.025815953,0.04202585,0,-1.135683,-1.9949116,-69.27429,1

Find Image

0.010390134,-0.7952363,0.6062107,0,0.045141075,0.60599834,0.7941841,0,-0.99892664,0.01911328,0.042194203,0,-1.2190506,-2.4802613,-71.53642,1

Find Image

0.012055333,-0.7816713,0.62357414,0,0.046181306,0.62338924,0.7805467,0,-0.9988603,0.019387716,0.043613765,0,-1.4766834,-4.7058086,-76.14596,1

Find Image

0.029757783,-0.6601859,0.75051254,0,0.04787233,0.75092477,0.65865034,0,-0.9984101,0.016328812,0.053950492,0,-2.5912662,-18.329893,-76.31128,1

Find Image

0.045195926,-0.7810887,0.62278235,0,0.07316915,0.6243332,0.77772385,0,-0.99629503,0.010418441,0.08536888,0,-5.056007,-4.3192577,-80.376015,1

Find Image

0.040360775,-0.88976586,0.45462933,0,0.025290236,0.45576394,0.88974136,0,-0.9988651,-0.024413034,0.040897332,0,-1.5073701,11.640576,-82.28129,1

Find Image

-0.06642639,-0.5549757,-0.8292103,0,0.06953564,-0.8316001,0.55100477,0,-0.9953655,-0.021058448,0.093830645,0,-2.2177207,98.74432,-21.995811,1

Find Image

-0.058862064,-0.5204042,-0.85188895,0,0.035961457,-0.85392016,0.5191602,0,-0.99761826,-7.6357384E-05,0.068977885,0,0.2713339,99.874504,-21.562157,1

Find Image

-0.026780657,-0.5917439,-0.8056811,0,0.034085713,-0.8060421,0.590876,0,-0.99906003,-0.011638178,0.04175631,0,-0.3915008,97.51652,-30.677433,1

Find Image

-0.082923934,-0.4909328,-0.86724204,0,0.03725737,-0.8711581,0.48958716,0,-0.9958592,0.008287314,0.09053063,0,0.85947746,100.41958,-21.120317,1

Enter Tracking thread

VPSFusionLogic::_initialize

Find Image

0.052076872,-0.9444651,0.32445914,0,0.04604771,0.3268254,0.9439623,0,-0.9975809,-0.034218036,0.060510475,0,-0.7343557,24.687637,-27.990383,1

Enter Tracking thread

VPSFusionLogic::_initialize

Find Image

0.054652717,-0.9409134,0.33420837,0,0.050608266,0.3368886,0.94018346,0,-0.9972221,-0.03446994,0.066029824,0,-0.9366694,24.316313,-28.185472,1

Find Image

0.05408983,-0.9788393,0.19735254,0,0.09629681,0.20183404,0.9746743,0,-0.99388194,-0.033715587,0.10517623,0,-1.8602039,28.119722,-25.628265,1

Find Image

0.014312818,-0.9489748,-0.31502727,0,0.06917061,-0.31336513,0.9471103,0,-0.9975022,-0.03534651,0.061155934,0,-0.5223663,36.89008,-17.002499,1

Enter Tracking thread

VPSFusionLogic::_initialize

Find Image

0.044015784,-0.94139826,0.3344129,0,0.044490423,0.3362523,0.9407205,0,-0.9980397,-0.02652841,0.05668359,0,-0.43070713,24.307877,-28.191477,1

Enter Tracking thread

VPSFusionLogic::_initialize

Find Image

0.033965066,-0.9424293,0.33267623,0,0.037798677,0.3338414,0.94187117,0,-0.998708,-0.019416044,0.04696149,0,0.07327859,24.40166,-28.105988,1

Enter Tracking thread

VPSFusionLogic::_initialize

Find Image

0.0486509,-0.9391718,0.33998448,0,0.050006066,0.34225097,0.93827695,0,-0.99756324,-0.02864672,0.06361511,0,-0.7252304,24.092482,-28.280918,1

Find Image

0.03551942,-0.97909445,0.20028128,0,0.09213546,0.2027624,0.97488385,0,-0.99511284,-0.016174352,0.097411275,0,-1.1433219,28.095818,-25.829943,1

Find Image

0.015681881,-0.99066937,-0.13538216,0,0.06451675,-0.13411415,0.9888635,0,-0.99779344,-0.024241704,0.06181155,0,-0.106863536,35.472748,-16.1808,1

Find Image

-0.011468608,-0.94440883,-0.32857347,0,0.044247515,-0.32875258,0.94337904,0,-0.99895483,-0.0037193669,0.045558,0,1.212145,37.84139,-11.166808,1

Find Image

0.0021799377,-0.97190416,-0.23536702,0,0.10282377,-0.23390222,0.9668077,0,-0.9946973,-0.026308948,0.0994249,0,-1.2780207,34.848774,-22.894659,1

Find Image

0.039371625,-0.98592216,0.16250402,0,0.03921713,0.16402939,0.9856757,0,-0.99845487,-0.03243481,0.045123056,0,-0.4006254,21.511284,-37.32758,1

Find Image

0.06138582,-0.85628384,0.5128448,0,0.06408076,0.5161348,0.8541069,0,-0.996055,-0.019566603,0.08655466,0,-1.9079744,4.904827,-44.07886,1

Find Image

0.024675915,-0.83656263,0.5473154,0,0.03985639,0.54787004,0.8356135,0,-0.9989007,0.0011944489,0.046861537,0,-0.13304079,2.3668327,-46.424896,1

Find Image

0.04495097,-0.8205847,0.5697545,0,0.038466576,0.5713297,0.8198187,0,-0.99824834,-0.014935156,0.0572469,0,-1.2074767,-0.32735923,-52.21941,1

Find Image

0.03762119,-0.7202938,0.69264823,0,0.030644994,0.69364446,0.7196654,0,-0.99882215,-0.0058485125,0.04816911,0,-0.8028218,-9.732171,-55.91676,1

Find Image

0.0114328405,-0.7072126,0.7069085,0,0.021999586,0.70696145,0.70690984,0,-0.9996926,0.0074696923,0.023640955,0,0.29800218,-11.133552,-57.97721,1

Find Image

0.013475297,-0.92289525,0.38481545,0,0.056564845,0.3849376,0.92120767,0,-0.99830806,0.0093534,0.05739052,0,-1.5070391,12.565775,-60.044514,1

Find Image

0.030775923,-0.8769099,0.47966853,0,0.029430337,0.48048273,0.87651026,0,-0.999093,-0.01285864,0.040595032,0,-0.88767886,6.9059234,-62.979015,1

Find Image

0.015911445,-0.8177169,0.57540077,0,0.05295296,0.5753551,0.8161878,0,-0.9984703,0.017482378,0.052455224,0,-1.6381682,0.13739648,-65.81568,1

Find Image

0.009425372,-0.7845528,0.6199905,0,0.04231122,0.61977553,0.78363776,0,-0.9990601,0.018846394,0.039036963,0,-0.90092176,-3.4358556,-68.09318,1

Find Image

0.031325445,-0.7990898,0.6003951,0,0.06277065,0.6010769,0.7967223,0,-0.9975363,0.012729478,0.068988375,0,-3.0489712,-1.9242883,-70.35689,1

Find Image

0.015456407,-0.77159286,0.6359289,0,0.05981021,0.63557947,0.7697152,0,-0.9980901,0.02613799,0.055972897,0,-2.367624,-5.3431716,-72.612114,1

Find Image

0.06801655,-0.80132157,0.5943547,0,0.07534169,0.59815866,0.79782826,0,-0.9948354,-0.009485861,0.1010576,0,-6.348428,-1.4110204,-81.48215,1

VPSSDK Version : 0.9.0

Enter Tracking thread

Enter Tracking thread

Enter Tracking thread

Enter Tracking thread

VPSSDK Version : 0.9.0

Enter Tracking thread

VPSSDK Version : 0.9.0

Enter Tracking thread

Enter Tracking thread

Enter Tracking thread

VPSSDK Version : 0.9.0

Enter Tracking thread

Enter Tracking thread

VPSSDK Version : 0.9.0

Enter Tracking thread

Enter Tracking thread

deviceName : OBS Virtual Camera, deviceModel : 

VPSSDK Version : 0.9.0

Enter Tracking thread

VPSFusionLogic::_initialize

Find Image

0.03810266,-0.9417605,0.33411893,0,0.041432936,0.3355631,0.94110614,0,-0.9984145,-0.022015143,0.051805727,0,-0.15697472,24.332209,-28.136091,1

Find Image

0.05836514,-0.97903514,0.19515048,0,0.09730779,0.20013216,0.9749248,0,-0.9935415,-0.03791197,0.10694848,0,-2.0454185,28.172823,-25.539028,1

Enter Tracking thread

VPSFusionLogic::_initialize

Find Image

0.03810266,-0.9417605,0.33411893,0,0.041432936,0.3355631,0.94110614,0,-0.9984145,-0.022015143,0.051805727,0,-0.15697472,24.332209,-28.136091,1

Enter Tracking thread

VPSFusionLogic::_initialize

Find Image

0.028880479,-0.94631034,0.3219672,0,0.034659695,0.32285583,0.94581336,0,-0.9989819,-0.016156346,0.042122994,0,0.32693744,24.792988,-27.896038,1

Find Image

0.014172662,-0.94223195,0.3346613,0,0.009388797,0.33480552,0.94224054,0,-0.9998555,-0.010212036,0.013591477,0,1.2371353,24.371641,-28.384464,1

Find Image

0.044097275,-0.9788541,0.19975007,0,0.09515376,0.20315082,0.974513,0,-0.99448544,-0.02396642,0.10210002,0,-1.5111002,28.078293,-25.792467,1

Find Image

0.019301295,-0.9900018,-0.13972853,0,0.061945166,-0.13830203,0.98845106,0,-0.997893,-0.027733963,0.05865633,0,-0.13668194,35.589302,-16.163857,1

Find Image

-0.012385458,-0.93916696,-0.3432379,0,0.038591515,-0.34345755,0.9383751,0,-0.9991784,-0.0016239677,0.0404976,0,1.4089391,38.17255,-10.540374,1

Find Image

-0.05121001,-0.9683084,-0.24445146,0,0.103995614,-0.24861234,0.9630041,0,-0.99325854,0.023893537,0.113431215,0,0.2992645,35.271755,-21.51289,1

Find Image

0.032607414,-0.9988603,-0.03485761,0,0.08938629,-0.03182205,0.99548864,0,-0.99546325,-0.035576195,0.08824667,0,-1.831546,29.05804,-30.531841,1

Enter Tracking thread

VPSFusionLogic::_initialize

Find Image

0.045030154,-0.9405443,0.33667317,0,0.055356972,0.33884645,0.9392118,0,-0.99745077,-0.023655688,0.06732396,0,-0.6786323,24.280792,-28.244978,1

Find Image

0.04166714,-0.9403973,0.3375156,0,0.04840404,0.3393122,0.9394277,0,-0.9979584,-0.022806197,0.059657168,0,-0.39058352,24.247976,-28.269308,1

Enter Tracking thread

VPSFusionLogic::_initialize

Find Image

0.03490322,-0.94222873,0.33314693,0,0.041394293,0.3344269,0.9415122,0,-0.9985331,-0.019071475,0.050675433,0,-0.04505134,24.364626,-28.102396,1

Find Image

0.041326568,-0.98061144,0.191555,0,0.093095146,0.1946639,0.97644216,0,-0.9947992,-0.02252018,0.09933494,0,-1.3555317,28.383972,-25.657534,1

Find Image

-0.055648442,-0.95584655,-0.2885492,0,0.08017979,-0.29234186,0.9529468,0,-0.99522585,0.029894155,0.0929079,0,1.8412871,37.458813,-11.345792,1

Find Image

0.0395277,-0.98627216,0.16032706,0,0.043881733,0.16201106,0.9858128,0,-0.9982545,-0.031931493,0.049683247,0,-0.61159134,21.598616,-37.146847,1

Find Image

0.027048236,-0.8479549,0.5293779,0,0.053158626,0.53004235,0.8463033,0,-0.9982197,0.005249942,0.059412804,0,-0.71716785,3.6747746,-45.245728,1

Find Image

0.017551702,-0.8198678,0.5722838,0,-0.023857124,0.57186556,0.8200004,0,-0.9995613,-0.028045466,-0.009522486,0,2.4559176,-0.013735283,-49.85415,1

Find Image

0.029677039,-0.82560563,0.5634667,0,0.045019977,0.56424695,0.8243777,0,-0.9985452,0.0009021192,0.053913895,0,-1.0308366,0.12836985,-51.911095,1

Find Image

0.06210973,-0.72460604,0.6863589,0,0.047378168,0.68905187,0.72316176,0,-0.9969442,-0.0123969745,0.07712732,0,-2.2045004,-8.9515705,-53.56332,1

Find Image

0.0455045,-0.72638065,0.6857847,0,0.037487272,0.6872539,0.72544944,0,-0.99826056,-0.0073030605,0.05850315,0,-1.4193953,-9.271476,-55.756535,1

Find Image

0.019903198,-0.69016165,0.72338146,0,0.025567472,0.72363955,0.68970436,0,-0.99947494,0.004767726,0.032048434,0,-0.14468811,-12.509908,-57.425755,1

Enter Tracking thread

VPSFusionLogic::_initialize

Find Image

0.03810266,-0.9417605,0.33411893,0,0.041432936,0.3355631,0.94110614,0,-0.9984145,-0.022015143,0.051805727,0,-0.15697472,24.332209,-28.136091,1

Find Image

0.009882824,-0.9388792,0.3441051,0,0.018145045,0.34423354,0.9387087,0,-0.9997866,-0.0030333565,0.020437958,0,1.1957084,24.030405,-28.553558,1

Find Image

0.051805414,-0.9775004,0.20447302,0,0.108610794,0.20904827,0.9718552,0,-0.9927336,-0.028139407,0.11699691,0,-2.1527612,27.890898,-26.022644,1

Find Image

-0.048268475,-0.95510876,-0.29229698,0,0.082019344,-0.29543987,0.95183414,0,-0.9954612,0.021969542,0.092597775,0,1.5541449,37.610794,-11.355944,1

Find Image

-0.05111756,-0.9693712,-0.24022199,0,0.10617818,-0.24444833,0.9638316,0,-0.9930324,0.023762336,0.11542159,0,0.23801838,35.10063,-21.520334,1

Enter Tracking thread

VPSFusionLogic::_initialize

Find Image

0.024973346,-0.9485377,0.31567803,0,0.039789323,0.31646937,0.9477679,0,-0.998896,-0.0111083705,0.045644935,0,0.33717304,25.017157,-27.748262,1

Find Image

0.042544696,-0.97966534,0.19607641,0,0.097662956,0.19939205,0.975041,0,-0.99430984,-0.022333516,0.10416,0,-1.5365273,28.21517,-25.733665,1

Find Image

0.019525012,-0.9489834,-0.31472123,0,0.059744902,-0.31311134,0.9478354,0,-0.99802274,-0.037309535,0.050583348,0,-0.2884378,36.86958,-16.83991,1

Find Image

0.0015321148,-0.9704039,-0.2414829,0,0.09714672,-0.24019659,0.96585107,0,-0.99526894,-0.024939112,0.09390349,0,-1.0577441,35.13623,-22.850273,1

Find Image

0.036259454,-0.9979064,0.053554844,0,0.072295494,0.056068998,0.99580604,0,-0.99672395,-0.032235626,0.07417715,0,-1.3927041,25.855106,-33.76377,1

Find Image

0.014951797,-0.84683293,0.53164893,0,0.055794697,0.53158647,0.84516436,0,-0.99833035,0.017026413,0.05519693,0,-0.47629148,3.5115838,-45.315186,1

Find Image

-0.0053009395,-0.8237674,0.5669031,0,-0.0064320145,0.56692743,0.8237426,0,-0.9999653,0.0007202585,-0.008303744,0,2.339349,0.36324838,-49.97891,1

Find Image

0.027913349,-0.8269023,0.56165254,0,0.04167657,0.5623456,0.8258514,0,-0.9987412,0.0003554455,0.050159384,0,-0.8140253,0.28003398,-51.941788,1

Find Image

0.06791339,-0.7227547,0.68775976,0,0.039121438,0.69075024,0.72203434,0,-0.9969239,-0.022129675,0.07518639,0,-1.9783434,-9.244559,-54.022038,1

Find Image

0.048380937,-0.7299007,0.68183887,0,0.034435675,0.68345135,0.72918344,0,-0.9982352,-0.0117990095,0.05820063,0,-1.3672228,-8.878526,-56.003395,1

Find Image

0.01640566,-0.7842445,0.6202351,0,0.016489474,0.6204463,0.78407556,0,-0.9997295,-0.0026359858,0.023110583,0,0.46448222,-4.333437,-60.117638,1

Find Image

0.030275913,-0.7916801,0.6101853,0,0.062610656,0.6107684,0.78933007,0,-0.99757874,0.01430637,0.068059154,0,-2.8688216,-2.7593358,-66.908745,1

Find Image

0.003750887,-0.7981153,0.6024931,0,0.046771936,0.60197794,0.79714173,0,-0.99889857,0.025189757,0.039587338,0,-0.93996435,-1.9701167,-69.32229,1

Find Image

0.011475604,-0.7954906,0.6058573,0,0.045448806,0.60568595,0.7944048,0,-0.99890083,0.018419176,0.04310469,0,-1.2801392,-2.4385364,-71.54749,1

Find Image

0.016823506,-0.78267884,0.6221984,0,0.05426941,0.6220839,0.7810675,0,-0.99838465,0.020626012,0.052941132,0,-2.2940812,-4.5911307,-75.89161,1

Find Image

0.013640178,-0.68047714,0.7326424,0,0.03761673,0.7325411,0.67968273,0,-0.99919915,0.018288592,0.035589304,0,-0.98313344,-15.908808,-76.833,1

Find Image

0.044796582,-0.78284425,0.6206032,0,0.07475269,0.62211186,0.7793516,0,-0.99619544,0.011479427,0.08638817,0,-5.16746,-4.0783873,-80.20541,1

Find Image

0.0015271499,-0.92339337,0.383852,0,0.07219083,0.38295272,0.92094284,0,-0.9973897,0.02630417,0.06724536,0,-2.9778295,18.644968,-80.801216,1

Enter Tracking thread

VPSFusionLogic::_initialize

Find Image

0.032172028,-0.9426536,0.33221877,0,0.047487915,0.33345705,0.94156855,0,-0.99835366,-0.014515849,0.055492602,0,-0.101819254,24.413519,-28.176258,1

Find Image

0.035744715,-0.9773351,0.20865881,0,0.09562115,0.211179,0.972759,0,-0.99477583,-0.014818841,0.1010024,0,-1.2541735,27.831478,-26.071045,1

Find Image

-0.061216027,-0.9603179,-0.2721071,0,0.0805747,-0.27648327,0.95763505,0,-0.994867,0.036697607,0.09430245,0,1.9344747,36.877686,-12.249571,1

Find Image

-0.04944891,-0.96959037,-0.23968598,0,0.10404647,-0.2436746,0.9642598,0,-0.9933424,0.022743119,0.1129319,0,0.27130625,35.085125,-21.569628,1

Find Image

0.028707303,-0.98540604,0.16778246,0,0.0408889,0.16886872,0.9847901,0,-0.9987513,-0.021410279,0.04513989,0,-0.13637409,21.223108,-37.52886,1

Find Image

0.05629987,-0.8574546,0.51147044,0,0.070602,0.51441956,0.8546274,0,-0.9959145,-0.012004615,0.089499734,0,-2.0272038,4.969006,-44.245136,1

Find Image

0.03197512,-0.83807117,0.54462326,0,0.029510904,0.5454559,0.8376199,0,-0.999053,-0.01071074,0.042173214,0,0.08202024,2.565907,-46.477215,1

Find Image

0.038676158,-0.82575214,0.56270564,0,0.05992137,0.5640301,0.8235773,0,-0.99745363,0.0018652317,0.07129469,0,-1.8220959,0.33838874,-50.920803,1

Find Image

0.025378643,-0.787701,0.6155347,0,0.08652753,0.6151531,0.7836451,0,-0.99592614,0.03337286,0.08376958,0,-2.7743175,-3.5150878,-52.814396,1

Find Image

0.085298285,-0.73701787,0.67046916,0,0.028457118,0.6744492,0.73777264,0,-0.99594903,-0.043851145,0.07850275,0,-2.1501737,-8.1653595,-54.887054,1

Find Image

0.03606154,-0.812834,0.5813781,0,0.07155325,0.5823634,0.80977345,0,-0.99678475,0.012397765,0.079161815,0,-3.3944495,-0.4664611,-65.383865,1

Find Image

0.011745353,-0.79503757,0.6064465,0,0.045141257,0.6062916,0.7939602,0,-0.9989116,0.018050393,0.04301009,0,-1.2852021,-2.5092633,-71.56747,1

Find Image

0.012507162,-0.7783364,0.62772304,0,0.046509434,0.6275454,0.7771896,0,-0.9988396,0.01947454,0.044048764,0,-1.503953,-5.188011,-76.09815,1

Find Image

0.039492186,-0.81796885,0.57390535,0,0.07853524,0.5751175,0.8142924,0,-0.9961288,0.012913593,0.08695202,0,-5.1322856,1.2761662,-80.208015,1

Find Image

0.019703954,-0.96135163,-0.27461785,0,0.10727012,-0.271053,0.95656866,0,-0.9940347,-0.048306532,0.0977834,0,-7.266486,68.872925,-58.188427,1

Find Image

-0.06619622,-0.55567414,-0.8287608,0,0.065366924,-0.8312135,0.5520975,0,-0.9956633,-0.017626815,0.09134576,0,-1.8053255,98.70504,-21.99394,1

Find Image

-0.050424445,-0.5348414,-0.84344655,0,0.035562072,-0.84494686,0.53366673,0,-0.99809456,-0.0030848691,0.061626006,0,0.23208873,99.105286,-23.027967,1

Find Image

-0.08803813,-0.5126661,-0.85406244,0,0.04404216,-0.8585565,0.5108238,0,-0.995143,0.0073572285,0.09816467,0,0.25527442,99.71898,-24.751083,1

Find Image

-0.1162797,-0.5969302,-0.793822,0,0.046798415,-0.8016488,0.5959607,0,-0.99211335,0.032148518,0.12115088,0,0.66490513,96.1728,-36.74427,1

Find Image

-0.08935524,-0.5950649,-0.79869485,0,0.05228508,-0.8035995,0.5928696,0,-0.9946266,0.0112161515,0.10291875,0,-0.8332822,96.7939,-37.405582,1

Find Image

-0.08428935,-0.4112409,-0.90762126,0,0.04310841,-0.91151494,0.40900168,0,-0.99550843,-0.00465164,0.09455885,0,-0.25881842,102.93261,-17.911594,1

Find Image

-0.080286525,-0.25918597,-0.96248466,0,0.026127093,-0.9658173,0.25790396,0,-0.9964294,-0.0044407165,0.084313855,0,1.0153383,104.39389,-5.389074,1

Find Image

-0.02291681,-0.3058235,-0.95181245,0,0.023400089,-0.95196575,0.30530936,0,-0.9994635,-0.015275789,0.028972236,0,0.11584047,103.98575,-11.348851,1

Find Image

0.003491184,-0.4955953,-0.8685466,0,0.10607089,-0.8634685,0.49312407,0,-0.9943525,-0.09384913,0.049553584,0,-9.029836,98.80945,-34.514053,1

Find Image

-0.04327023,-0.18775354,-0.9812627,0,0.019142674,-0.9821581,0.18708074,0,-0.99888,-0.0106889745,0.0460922,0,0.7662923,105.472786,-3.0657322,1

Find Image

-0.08187401,-0.13019973,-0.9881016,0,0.013714659,-0.9914835,0.12950896,0,-0.9965484,-0.0029480676,0.08296224,0,1.8987974,105.79621,0.86110723,1

Find Image

-0.12591293,0.33358172,-0.93427473,0,-0.02873743,-0.94260126,-0.33268172,0,-0.991625,-0.015040264,0.1282719,0,6.5023227,94.16184,44.56514,1

Find Image

0.036186602,-0.938904,0.3422716,0,0.040634133,0.34359503,0.93823844,0,-0.99851865,-0.020043764,0.050585076,0,-0.008830521,24.076414,-28.47109,1

Find Image

0.02580051,-0.9890708,0.14516725,0,0.05469101,0.14639458,0.98771334,0,-0.99817,-0.017544253,0.057870254,0,-0.6121933,22.200708,-36.594475,1

Find Image

0.0180549,-0.85488987,0.5184954,0,0.048213612,0.518721,0.85358304,0,-0.99867386,0.009587151,0.050582767,0,-0.2225224,4.364147,-44.944317,1

Find Image

0.017506672,-0.82106954,0.57055974,0,0.049340736,0.57066137,0.8197019,0,-0.9986286,0.013801542,0.05050253,0,-0.43277833,0.57619596,-47.129227,1

Find Image

0.026877321,-0.821142,0.57009083,0,0.01587254,0.5705755,0.82109183,0,-0.9995128,-0.01302001,0.028369121,0,0.39436463,0.0009204042,-49.279705,1

Find Image

0.060805157,-0.7401118,0.66972923,0,0.02509131,0.67189205,0.74022394,0,-0.99783427,-0.028205069,0.05942487,0,-1.1504477,-7.5857873,-53.399906,1

Find Image

0.0249264,-0.7389656,0.673282,0,0.030654076,0.6737395,0.73833287,0,-0.99921924,0.0022348117,0.039446186,0,-0.42122093,-8.185906,-55.67272,1

Find Image

0.01777464,-0.6411058,0.7672468,0,-0.023443224,0.76688975,0.64135057,0,-0.9995672,-0.029386558,-0.0013984134,0,2.6000462,-16.688374,-56.788296,1

Find Image

0.021432953,-0.8943187,0.446917,0,0.038255908,0.44742587,0.8935025,0,-0.99903816,-0.002053226,0.043802604,0,-0.83560246,8.329387,-60.21492,1

Find Image

-0.0095369555,-0.8189301,0.57381415,0,-0.02833521,0.5738311,0.8184834,0,-0.9995531,-0.008453376,-0.028677193,0,4.277939,0.42817795,-65.28611,1

Find Image

0.042154673,-0.7782474,0.6265413,0,0.056564085,0.6279519,0.77619386,0,-0.99750865,0.002719522,0.070491955,0,-3.456235,-4.6623282,-74.35371,1

Find Image

-0.10863759,-0.54103136,-0.83395624,0,0.045248598,-0.8407433,0.53954,0,-0.9930511,0.020878958,0.115817174,0,0.5812023,98.87935,-29.535343,1

Find Image

-0.011700899,-0.34581718,-0.938229,0,0.05955825,-0.9368685,0.34457293,0,-0.9981563,-0.051847484,0.03155835,0,-3.8464167,103.40359,-16.021658,1

Find Image

-0.06521018,-0.14848217,-0.98676276,0,-0.00011901652,-0.98886645,0.14880657,0,-0.99787164,0.009821135,0.06446636,0,3.1613455,105.66657,-0.65584177,1

Find Image

-0.108299494,0.2689843,-0.95703644,0,-0.02177623,-0.9631096,-0.268227,0,-0.9938798,-0.008208198,0.1101617,0,4.709033,97.176865,30.798075,1

Find Image

-0.060701214,0.84447247,-0.5321482,0,-0.08347392,-0.5355585,-0.8403626,0,-0.9946595,-0.0065905196,0.10300045,0,10.554522,52.44742,84.74299,1

Find Image

0.048625965,-0.97665095,0.20925732,0,0.09397761,0.21304932,0.97251135,0,-0.9943862,-0.027623868,0.10214298,0,-1.5959158,27.755157,-25.864105,1

Find Image

-0.01515061,-0.9770995,-0.21224326,0,0.11459621,-0.21256578,0.97040385,0,-0.9932967,-0.0096200975,0.11519235,0,-1.1808419,34.20013,-23.756296,1

Find Image

0.032221936,-0.9838511,0.17606509,0,0.043198057,0.17736275,0.9831971,0,-0.99854684,-0.02407491,0.04821537,0,-0.44497594,20.865257,-37.848175,1

Find Image

0.045261923,-0.849131,0.52623945,0,0.06803171,0.52817637,0.846405,0,-0.99665594,-0.0025089784,0.0816741,0,-1.6529665,3.9855373,-44.83898,1

Find Image

0.045251172,-0.82702553,0.5603402,0,0.057690755,0.56214213,0.8250261,0,-0.9973085,-0.0050069746,0.0731493,0,-2.040756,0.4839277,-51.060097,1

Find Image

0.03553273,-0.79030764,0.61167914,0,0.07353313,0.6124741,0.7870632,0,-0.99665964,0.017012142,0.07987665,0,-2.554374,-3.286646,-52.98401,1

Find Image

0.06455336,-0.7308258,0.67950463,0,0.022667397,0.681823,0.7311659,0,-0.9976568,-0.031796623,0.060579877,0,-1.2240026,-8.744813,-54.944008,1

Find Image

0.034243636,-0.7070341,0.7063499,0,0.032104872,0.7071778,0.70630646,0,-0.9988978,-0.0015092645,0.046915565,0,-1.0771663,-11.015599,-58.07162,1

Find Image

0.010556466,-0.9320184,0.36225733,0,0.023279114,0.36240834,0.93172866,0,-0.9996733,-0.0014027792,0.02552228,0,0.5010964,14.345665,-59.41948,1

Find Image

-0.050737154,-0.9551439,0.29176313,0,0.05872504,0.2887807,0.9555925,0,-0.996984,0.06561787,0.04143898,0,0.59438634,21.174913,-60.31989,1

Find Image

0.025795298,-0.6559648,0.75435054,0,0.05420901,0.75440925,0.6541621,0,-0.99819636,0.024018297,0.055019416,0,-2.7937522,-18.838573,-76.10038,1

Find Image

0.0023759045,-0.9329962,-0.35987845,0,0.11182875,-0.35737422,0.92724216,0,-0.99372464,-0.042447813,0.10348669,0,-6.806674,73.958725,-52.088177,1

Find Image

-0.08119967,-0.55721146,-0.826391,0,0.045634918,-0.8303378,0.5553887,0,-0.9956526,0.007385078,0.0928514,0,0.8679988,98.41278,-19.46718,1

Find Image

-0.051289566,-0.5366771,-0.84222746,0,0.06063772,-0.843455,0.5337666,0,-0.99684125,-0.023694102,0.075803295,0,-1.92376,99.48734,-20.152554,1

Find Image

-0.050607078,-0.55046237,-0.8333248,0,0.018739706,-0.8347705,0.55027926,0,-0.9985429,0.012231728,0.05256068,0,1.7176204,99.41117,-26.100683,1

Find Image

-0.099740796,-0.4794912,-0.8718601,0,0.038769327,-0.8774369,0.478123,0,-0.9942579,0.013886919,0.10610572,0,1.1818458,100.682755,-19.969032,1

Find Image

-0.075678304,-0.4384345,-0.8955713,0,0.03193981,-0.8987519,0.4372926,0,-0.9966206,0.0044891937,0.08201956,0,0.683835,102.05174,-21.23994,1

Find Image

-0.08852648,-0.15707046,-0.98361176,0,0.034443785,-0.987381,0.15457237,0,-0.99547815,-0.020195574,0.09281935,0,0.59648085,104.32744,7.5544353,1

Find Image

-0.037672166,-0.42677242,-0.9035741,0,0.08959074,-0.9020171,0.42230177,0,-0.995266,-0.065042876,0.0722157,0,-6.4777436,101.37853,-25.986935,1

Find Image

-0.085072815,-0.16179556,-0.9831504,0,0.0058040847,-0.9867913,0.16189249,0,-0.99635786,0.008066362,0.0848882,0,2.806476,105.71547,-1.7693783,1

Find Image

-0.10567299,0.25928587,-0.9600021,0,-0.010283565,-0.96564084,-0.25967684,0,-0.99434775,-0.017568586,0.10470854,0,3.963931,97.42028,33.552616,1

Find Image

-0.067072675,0.2511561,-0.96562,0,-0.016084902,-0.9679458,-0.25064376,0,-0.99761844,-0.0012794402,0.06896249,0,4.1057463,97.80835,29.422901,1

Find Image

-0.06855323,0.82933956,-0.5545236,0,-0.08996033,-0.5587056,-0.8244727,0,-0.99358326,-0.006635113,0.11290867,0,11.139114,54.757202,83.42096,1

Find Image

0.058343697,-0.977044,0.20489295,0,0.09431596,0.20971927,0.9732021,0,-0.9938313,-0.037455577,0.104386605,0,-1.9523107,27.884888,-25.843412,1

Find Image

-0.021074196,-0.95373976,-0.29989398,0,0.07528023,-0.30062282,0.9507675,0,-0.9969397,-0.0025394324,0.07813312,0,0.22166792,36.650967,-18.308254,1

Find Image

0.056276694,-0.86695004,0.49520755,0,0.090686195,0.49838194,0.8622015,0,-0.99428815,-0.0036133246,0.10666771,0,-2.8102252,5.7543316,-43.8785,1

Find Image

0.033163108,-0.8325947,0.55288917,0,0.07085936,0.55376,0.8296559,0,-0.99693495,0.011663351,0.077361494,0,-1.731654,1.917476,-46.237476,1

Find Image

0.028245399,-0.83736205,0.5459185,0,0.052454785,0.54662555,0.83573264,0,-0.9982238,0.005030416,0.05936329,0,-1.2113585,1.4359888,-50.721992,1

Find Image

0.046843506,-0.77609754,0.6288707,0,0.07246932,0.63054323,0.77276355,0,-0.99627,0.009374844,0.0857801,0,-2.7835095,-4.493946,-52.54378,1

Find Image

0.08711468,-0.74120927,0.6655974,0,0.038088996,0.6701271,0.74126846,0,-0.9954699,-0.03922345,0.08660981,0,-2.6923783,-7.6671634,-54.484665,1

Find Image

0.03746351,-0.7990737,0.6000649,0,0.062232427,0.6011864,0.79668194,0,-0.9973584,0.007496943,0.07225082,0,-2.9111297,-1.9716203,-65.170845,1

Find Image

0.026016645,-0.80221474,0.59646857,0,0.08431756,0.59630525,0.7983174,0,-0.99609923,0.029523207,0.08315463,0,-4.1398034,-1.6254882,-71.08334,1

Find Image

0.04670812,-0.7944526,0.60552734,0,0.057797324,0.6073228,0.79235,0,-0.9972351,-0.0020113217,0.07428414,0,-3.754764,-2.9825418,-75.639496,1

Find Image

0.01111167,-0.9939129,0.10960698,0,0.0774385,0.11013991,0.9908948,0,-0.9969352,-0.0025226807,0.078190975,0,-4.5002747,41.81737,-78.66842,1

Find Image

-0.08009902,-0.53332657,-0.84210867,0,0.04708688,-0.8459045,0.5312518,0,-0.99567413,0.0029004673,0.09286875,0,0.7083194,99.09141,-16.897104,1

Find Image

-0.072782435,-0.53120196,-0.8441133,0,0.057107404,-0.84718907,0.5282135,0,-0.99571157,-0.009760463,0.09199601,0,-0.94925463,99.28361,-20.60991,1

Find Image

-0.099731065,-0.48690632,-0.86774194,0,0.03708601,-0.8733028,0.4857643,0,-0.9943231,0.016264684,0.10515275,0,1.0386951,100.16189,-20.314144,1

Find Image

-0.09350823,-0.584035,-0.8063247,0,0.062190503,-0.81171805,0.58072925,0,-0.99367434,0.0041571828,0.11222359,0,-1.6273638,97.33558,-35.309635,1

Find Image

-0.07083916,-0.13887589,-0.9877729,0,0.05557463,-0.98927206,0.13510108,0,-0.9959384,-0.04532467,0.07779716,0,-2.0078726,104.136826,9.141204,1

Find Image

-0.05667656,-0.30213198,-0.95157975,0,-0.011613158,-0.9528478,0.3032263,0,-0.99832505,0.028236669,0.050495435,0,4.3462024,103.8505,-10.70115,1

Find Image

-0.054427393,-0.45983163,-0.8863366,0,0.11253404,-0.8848219,0.45213538,0,-0.99215615,-0.07513451,0.099905185,0,-8.888251,100.400665,-29.428648,1

Find Image

-0.09783307,-0.15282091,-0.98339945,0,0.010603175,-0.9882437,0.15251885,0,-0.9951464,0.004494228,0.09830325,0,2.4586074,105.67198,-1.2000154,1

Find Image

-0.07986522,0.2644163,-0.9610961,0,-0.008373933,-0.96432,-0.2646074,0,-0.99677056,-0.013084753,0.07922969,0,4.059295,97.16017,39.912025,1

Find Image

-0.13587189,0.30362618,-0.94305354,0,-0.013574543,-0.95236206,-0.3046674,0,-0.9906334,-0.02859421,0.1335208,0,4.787933,95.51196,39.669556,1

Find Image

-0.07200642,0.2554067,-0.96414864,0,-0.022546312,-0.96682775,-0.25443256,0,-0.99714935,0.0034172295,0.07537618,0,4.85625,97.64351,30.350811,1

Find Image

0.045919687,-0.93838763,0.3425203,0,0.05001571,0.34461164,0.937412,0,-0.9976923,-0.025914315,0.06275855,0,-0.5772154,24.074106,-28.417479,1

Find Image

0.00044241323,-0.91393936,0.4058507,0,0.03956293,0.40554893,0.9132168,0,-0.9992171,0.015652547,0.036337487,0,1.0514774,22.251314,-30.093811,1

Find Image

0.050620936,-0.98037004,0.19055767,0,0.090581805,0.19452272,0.9767067,0,-0.99460167,-0.032180782,0.098650575,0,-1.625866,28.381178,-25.489035,1

Find Image

-0.026374606,-0.9647621,-0.26179886,0,0.05116115,-0.2628495,0.9634795,0,-0.99834216,0.012017414,0.056290824,0,1.513773,37.152405,-12.262258,1

Find Image

0.0035790696,-0.9493129,-0.31431234,0,0.06088154,-0.31352448,0.94762653,0,-0.99813867,-0.022527497,0.056673422,0,0.0013227577,36.851116,-16.89588,1

Find Image

0.04529654,-0.870137,0.4907239,0,0.09985846,0.49271163,0.8644441,0,-0.9939701,0.009846591,0.10920866,0,-2.9575682,6.1112165,-44.049686,1

Find Image

0.07625003,-0.71915615,0.69065213,0,0.062419903,0.6947529,0.71653485,0,-0.99513304,-0.011525384,0.09786458,0,-3.3406734,-9.411439,-53.21259,1

Find Image

0.01726357,-0.6985227,0.7153797,0,0.028462471,0.7155397,0.697992,0,-0.99944586,0.0083116,0.032234434,0,-0.17377608,-11.83852,-57.65513,1

Find Image

0.006246718,-0.9164701,0.40005454,0,0.05108942,0.39983234,0.9151634,0,-0.9986746,0.014721742,0.049319535,0,-0.9758196,11.561647,-59.954967,1

Find Image

0.01509046,-0.8253721,0.5643875,0,0.055120274,0.5642801,0.8237413,0,-0.9983657,0.01867852,0.054009963,0,-1.7229365,1.1237413,-65.66005,1

Find Image

0.013476058,-0.796471,0.6045265,0,0.042910453,0.6044851,0.7954599,0,-0.99898803,0.015220841,0.04232301,0,-1.212749,-2.3079333,-71.55706,1

Find Image

0.046095617,-0.7571012,0.6516695,0,0.08151793,0.653038,0.7529251,0,-0.9956054,0.018416142,0.09181948,0,-5.0596557,-7.0234227,-73.432365,1

Find Image

0.016255522,-0.78234804,0.6226294,0,0.051591214,0.62253845,0.7808868,0,-0.998536,0.019428475,0.050481968,0,-2.0716393,-4.612632,-76.00947,1

Find Image

0.031377427,-0.65947664,0.75107,0,0.052579727,0.75148857,0.6576476,0,-0.9981237,0.01885572,0.05825486,0,-3.009949,-18.409403,-76.299385,1

Find Image

0.0501478,-0.78195196,0.6213182,0,0.0703941,0.6233211,0.77879107,0,-0.99625796,0.004682458,0.08630298,0,-5.1298,-4.1813173,-80.24167,1

Find Image

-0.00791464,-0.97065383,0.24035105,0,0.042588767,0.23981324,0.96988446,0,-0.9990614,0.017912496,0.039440878,0,-0.5529459,30.816729,-79.27356,1

Find Image

-0.04424785,-0.9020842,-0.42928585,0,0.079448596,-0.43152314,0.8985965,0,-0.99585646,0.005654803,0.09076328,0,-2.4647124,78.09754,-50.979847,1

Find Image

-0.06414338,-0.6343141,-0.77040976,0,0.06539736,-0.7730119,0.63101166,0,-0.9957956,-0.009907554,0.09106605,0,-1.1911315,95.741974,-23.061218,1

Find Image

-0.040957037,-0.5431336,-0.83864677,0,0.049267646,-0.8394279,0.5412334,0,-0.99794555,-0.019150851,0.06113934,0,-1.0620762,98.88942,-18.468317,1

Find Image

-0.06657289,-0.55810225,-0.82709736,0,0.069118194,-0.8295246,0.55417675,0,-0.99538475,-0.02027435,0.09379878,0,-2.1591477,98.61364,-22.262245,1

Find Image

-0.051596586,-0.52352965,-0.8504438,0,0.052288547,-0.85182625,0.52120835,0,-0.99729824,-0.017575925,0.07132583,0,-1.2714499,99.496056,-20.487707,1

Find Image

-0.0683768,-0.56551373,-0.8218996,0,0.060559537,-0.8246613,0.5623757,0,-0.9958199,-0.011320442,0.09063482,0,-2.3424804,98.91263,-27.04015,1

Find Image

-0.07875773,-0.48408926,-0.8714671,0,0.040656153,-0.875015,0.48238578,0,-0.9960645,0.00256108,0.08859527,0,0.45428517,100.69973,-20.108515,1

Find Image

-0.12819083,-0.5224303,-0.84299093,0,0.08592575,-0.8526583,0.515355,0,-0.98802024,-0.0063708606,0.15419312,0,-2.889486,99.69291,-26.531185,1

Find Image

-0.08983864,-0.5961009,-0.7978677,0,0.052277982,-0.8028252,0.5939183,0,-0.9945834,0.011645847,0.1032875,0,-0.81986713,96.72983,-37.548862,1

Find Image

-0.07392205,-0.4266926,-0.9013706,0,0.058757067,-0.90413684,0.42318338,0,-0.99553156,-0.021679303,0.09190688,0,-2.1141539,102.50745,-19.539549,1

Find Image

-0.053183008,-0.40635356,-0.9121669,0,0.090460375,-0.91166437,0.40085548,0,-0.994479,-0.061196264,0.08524391,0,-6.3049164,102.06716,-23.252417,1

Find Image

-0.08616465,0.3257773,-0.94151205,0,-0.016424822,-0.94536287,-0.32560652,0,-0.9961456,-0.012591582,0.08680754,0,4.9307976,94.55693,44.756226,1

Find Image

-0.09177599,0.23564978,-0.9674949,0,-0.0074973544,-0.97173136,-0.23597044,0,-0.9957515,-0.01440276,0.09094829,0,3.320038,98.1619,28.20597,1

Find Image

-0.026105817,0.8428728,-0.5374794,0,-0.08270529,-0.5376405,-0.8391083,0,-0.99623215,0.022546839,0.083745465,0,10.406377,52.794796,84.41197,1

Find Image

-0.07549543,0.33627507,-0.938733,0,0.0022774586,-0.94135904,-0.33739895,0,-0.99714357,-0.027609993,0.07030239,0,1.8000239,94.51259,32.82128,1

Find Image

-0.019804895,-0.96474624,-0.26243573,0,0.053170826,-0.26313213,0.96329355,0,-0.99838907,0.005123969,0.056507614,0,1.285029,37.19895,-12.244191,1

Find Image

-0.015463558,-0.95318764,-0.3019837,0,0.06538997,-0.30233735,0.95095545,0,-0.99774,-0.005041561,0.067004114,0,0.4767486,36.687107,-18.290876,1

Find Image

-0.017180042,-0.96379685,-0.26608366,0,0.0833341,-0.26657724,0.9602041,0,-0.99637353,-0.005677491,0.08489696,0,-0.011857611,35.609924,-21.729353,1

Find Image

0.036718246,-0.9349293,0.35292926,0,0.059445173,0.35458544,0.93313205,0,-0.9975561,-0.013283058,0.068596765,0,-1.0643305,12.943905,-42.01476,1

Find Image

0.0126074385,-0.85288846,0.52194107,0,0.048978895,0.52188265,0.85161006,0,-0.99872035,0.014827391,0.048353087,0,-0.09444253,4.1607127,-45.02751,1

Find Image

0.028699508,-0.825195,0.5641184,0,0.056958072,0.56478393,0.82327086,0,-0.997964,0.008503601,0.063210525,0,-1.4280118,0.27776587,-50.97153,1

Find Image

0.042003978,-0.82412225,0.5648524,0,0.034640536,0.56621265,0.823531,0,-0.99851674,-0.015024803,0.052331213,0,-0.94319,0.005917966,-52.078648,1

Find Image

0.03614288,-0.72552335,0.68724793,0,0.037963305,0.68819755,0.72452945,0,-0.99862534,-9.643423E-05,0.052416682,0,-1.13551,-9.350433,-55.888115,1

Find Image

0.022648929,-0.796645,0.60402316,0,0.070746616,0.60394055,0.7938834,0,-0.9972372,0.024751924,0.07003851,0,-2.9465506,-2.1305947,-66.757774,1

Find Image

0.015811276,-0.7737261,0.6333229,0,0.0598445,0.6329988,0.7718362,0,-0.99808246,0.025697181,0.056311775,0,-2.3756187,-5.0738473,-72.60633,1

Find Image

0.032165643,-0.6974714,0.7158904,0,0.067031085,0.71615374,0.6947162,0,-0.99723226,0.025640909,0.06978781,0,-3.8637183,-14.507966,-76.29721,1

Find Image

-0.082913935,-0.5578846,-0.82576644,0,0.043178026,-0.82985264,0.5563097,0,-0.99562097,0.010470821,0.09289456,0,1.1559876,98.39441,-19.568813,1

Find Image

-0.07572249,-0.5412966,-0.83741516,0,0.056727234,-0.84080476,0.5383581,0,-0.99551404,-0.006738445,0.09437403,0,-0.73582834,99.01652,-21.622463,1

Find Image

-0.06953811,-0.4953961,-0.8658794,0,0.04711136,-0.8686429,0.4931937,0,-0.9964663,-0.006497006,0.08374254,0,-0.34833923,100.447655,-20.364302,1

Find Image

-0.10016167,-0.5660373,-0.8182723,0,0.04875059,-0.82421225,0.5641788,0,-0.9937762,0.016617805,0.110149026,0,-0.1000991,98.009514,-33.135563,1

Find Image

-0.049597736,-0.16627969,-0.98483056,0,0.030026915,-0.9858467,0.16493905,0,-0.9983179,-0.021390831,0.053888496,0,0.059056636,104.34657,5.5528226,1

Find Image

-0.013972833,-0.29261026,-0.9561297,0,0.033934955,-0.955811,0.2920168,0,-0.9993264,-0.028365929,0.023285028,0,-0.9801476,104.52427,-10.087955,1

Find Image

-0.036277335,-0.21280351,-0.97642136,0,0.027609855,-0.976905,0.21188311,0,-0.9989603,-0.019272301,0.04131493,0,-0.06709341,105.09461,-6.032149,1

Find Image

-0.0920672,0.60831344,-0.7883391,0,-0.06723631,-0.7936926,-0.6045921,0,-0.99348027,-0.0026580472,0.113973685,0,8.975018,78.5485,62.767242,1

Find Image

-0.0012054583,-0.9134315,0.40699083,0,0.03658235,0.40667838,0.9128387,0,-0.99933,0.01598903,0.03292521,0,1.1751727,22.20114,-30.078327,1

Find Image

0.030945532,-0.9888849,0.14542726,0,0.05350764,0.14692725,0.98769903,0,-0.9980879,-0.022783436,0.05745961,0,-0.70696974,22.178223,-36.726948,1

Find Image

0.018767176,-0.8538766,0.52013713,0,0.048215784,0.52039635,0.85256255,0,-0.9986607,0.009078577,0.05093667,0,-0.2464676,4.266005,-44.9861,1

Find Image

0.020424362,-0.82411116,0.56605977,0,0.024110489,0.5664192,0.82376456,0,-0.9995007,-0.0031769206,0.031438455,0,0.21898791,0.34220126,-49.493343,1

Find Image

0.039895006,-0.81725794,0.5748894,0,0.06959691,0.5762229,0.8143239,0,-0.9967771,0.0075230664,0.07986704,0,-2.4260137,-0.705526,-51.69952,1

Find Image

0.05176834,-0.7415482,0.6688994,0,0.03251115,0.6706939,0.74102145,0,-0.99812984,-0.01661481,0.05882927,0,-1.2109647,-7.532394,-53.26055,1

Find Image

